VERTEX_SE3:QUAT 0 -0.125664 -1.53894e-17 99.9999 0.706662 4.32706e-17 0.707551 -4.3325e-17 
VERTEX_SE3:QUAT 1 -0.250786 -0.0328449 99.981 0.705413 0.0432253 0.705946 -0.0465295 
VERTEX_SE3:QUAT 2 -0.384479 -0.102155 99.9722 0.701473 0.0869233 0.701311 -0.0924285 
VERTEX_SE3:QUAT 3 -0.488061 -0.195958 99.9833 0.689802 0.131752 0.698923 -0.135355 
VERTEX_SE3:QUAT 4 -0.577441 -0.319656 99.9749 0.683889 0.173189 0.684097 -0.185235 
VERTEX_SE3:QUAT 5 -0.626233 -0.455465 99.9639 0.675686 0.20944 0.672757 -0.216751 
VERTEX_SE3:QUAT 6 -0.653603 -0.602648 99.9579 0.658288 0.246239 0.662316 -0.259541 
VERTEX_SE3:QUAT 7 -0.660457 -0.786874 99.9504 0.637158 0.294767 0.642758 -0.306601 
VERTEX_SE3:QUAT 8 -0.618421 -0.981472 99.946 0.627982 0.330033 0.615145 -0.343967 
VERTEX_SE3:QUAT 9 -0.575668 -1.15736 99.9408 0.601927 0.362809 0.592794 -0.393253 
VERTEX_SE3:QUAT 10 -0.47692 -1.34096 99.9362 0.574097 0.399746 0.566487 -0.435554 
VERTEX_SE3:QUAT 11 -0.334869 -1.49407 99.9083 0.548034 0.426931 0.538043 -0.477387 
VERTEX_SE3:QUAT 12 -0.152315 -1.64676 99.8848 -0.518965 -0.460068 -0.505645 0.513162 
VERTEX_SE3:QUAT 13 0.0828471 -1.77185 99.8702 -0.489516 -0.486895 -0.470679 0.549334 
VERTEX_SE3:QUAT 14 0.321525 -1.86696 99.8255 -0.451596 -0.510827 -0.435292 0.58791 
VERTEX_SE3:QUAT 15 0.582859 -1.94452 99.7839 -0.412004 -0.544589 -0.403826 0.608769 
VERTEX_SE3:QUAT 16 0.883238 -1.95252 99.744 -0.372324 -0.564041 -0.380507 0.631226 
VERTEX_SE3:QUAT 17 1.18775 -1.91094 99.7309 -0.331991 -0.579922 -0.348705 0.657173 
VERTEX_SE3:QUAT 18 1.50997 -1.8334 99.6984 -0.287826 -0.597032 -0.311572 0.680905 
VERTEX_SE3:QUAT 19 1.8256 -1.70483 99.6812 -0.248136 -0.621835 -0.267198 0.693076 
VERTEX_SE3:QUAT 20 2.12658 -1.52692 99.669 -0.183637 -0.642126 -0.229015 0.70817 
VERTEX_SE3:QUAT 21 2.40105 -1.2961 99.68 -0.146657 -0.645412 -0.194294 0.724006 
VERTEX_SE3:QUAT 22 2.68391 -1.01558 99.6684 -0.105138 -0.655187 -0.145632 0.733803 
VERTEX_SE3:QUAT 23 2.91855 -0.694584 99.6652 -0.057182 -0.664299 -0.099255 0.738638 
VERTEX_SE3:QUAT 24 3.1105 -0.327308 99.6652 -0.0169134 -0.666974 -0.0546239 0.742884 
VERTEX_SE3:QUAT 25 3.2543 0.0702852 99.6863 0.0374677 -0.670736 -0.0198094 0.740484 
VERTEX_SE3:QUAT 26 3.33659 0.51248 99.7065 0.0765176 -0.672032 0.027518 0.736044 
VERTEX_SE3:QUAT 27 3.3566 0.971217 99.7314 0.126636 -0.667994 0.074981 0.729469 
VERTEX_SE3:QUAT 28 3.33901 1.45235 99.7688 0.173646 -0.667189 0.11687 0.714875 
VERTEX_SE3:QUAT 29 3.24945 1.93048 99.7883 0.215488 -0.657402 0.159555 0.704223 
VERTEX_SE3:QUAT 30 3.10136 2.38806 99.8305 0.258519 -0.651712 0.20059 0.684253 
VERTEX_SE3:QUAT 31 2.86909 2.82129 99.8735 0.298063 -0.632345 0.241849 0.672909 
VERTEX_SE3:QUAT 32 2.59101 3.25307 99.9139 0.339166 -0.622062 0.275332 0.649767 
VERTEX_SE3:QUAT 33 2.22787 3.63948 99.9746 0.373085 -0.606334 0.30509 0.632525 
VERTEX_SE3:QUAT 34 1.8105 4.00537 100.015 0.415754 -0.581183 0.346013 0.607988 
VERTEX_SE3:QUAT 35 1.32992 4.3138 100.089 0.458394 -0.556104 0.382356 0.578297 
VERTEX_SE3:QUAT 36 0.805773 4.57549 100.161 0.487631 -0.536936 0.412347 0.551258 
VERTEX_SE3:QUAT 37 0.236984 4.79361 100.219 0.515112 -0.513901 0.449327 0.518334 
VERTEX_SE3:QUAT 38 -0.372745 4.91847 100.268 0.54971 -0.481749 0.480856 0.484267 
VERTEX_SE3:QUAT 39 -1.03279 4.95659 100.333 0.57783 -0.452171 0.511104 0.447691
EDGE_SE3:QUAT 0 1 -0.0187953 0.0328449 -0.125146 0.0634648 -0.000250128 0.00237634 0.997981 10000 0 0 0 0 0 10000 0 0 0 0 10000 0 0 0 40000 0 0 40000 0 40000 
EDGE_SE3:QUAT 1 2 -0.00836587 0.0518559 -0.141405 0.0636098 -0.000538 0.00162238 0.997973 10000 0 0 0 0 0 10000 0 0 0 0 10000 0 0 0 40000 0 0 40000 0 40000 
EDGE_SE3:QUAT 2 3 0.0116518 0.0646362 -0.123843 0.0628369 0.0060981 -0.00213561 0.998003 10000 0 0 0 0 0 10000 0 0 0 0 10000 0 0 0 40000 0 0 40000 0 40000 
EDGE_SE3:QUAT 3 4 -0.00635662 0.0817346 -0.128989 0.0661221 -0.0051306 0.00750755 0.99777 10000 0 0 0 0 0 10000 0 0 0 0 10000 0 0 0 40000 0 0 40000 0 40000 
EDGE_SE3:QUAT 4 5 -0.00900338 0.0946003 -0.109164 0.0498363 -0.00340117 -0.00255259 0.998748 10000 0 0 0 0 0 10000 0 0 0 0 10000 0 0 0 40000 0 0 40000 0 40000 
EDGE_SE3:QUAT 5 6 -0.00495715 0.104779 -0.106982 0.0596275 0.00563598 0.00254199 0.998202 10000 0 0 0 0 0 10000 0 0 0 0 10000 0 0 0 40000 0 0 40000 0 40000 
EDGE_SE3:QUAT 6 7 -0.00385872 0.132603 -0.128231 0.0734198 0.000112718 -0.000902908 0.997301 10000 0 0 0 0 0 10000 0 0 0 0 10000 0 0 0 40000 0 0 40000 0 40000 
EDGE_SE3:QUAT 7 8 -0.000783881 0.156605 -0.122999 0.0574284 -0.0114936 0.00730844 0.998257 10000 0 0 0 0 0 10000 0 0 0 0 10000 0 0 0 40000 0 0 40000 0 40000 
EDGE_SE3:QUAT 8 9 -0.00262376 0.131903 -0.124046 0.0674511 0.00698356 0.00882454 0.997659 10000 0 0 0 0 0 10000 0 0 0 0 10000 0 0 0 40000 0 0 40000 0 40000 
EDGE_SE3:QUAT 9 10 0.00417907 0.167845 -0.123652 0.0678472 0.00148376 0.0030903 0.99769 10000 0 0 0 0 0 10000 0 0 0 0 10000 0 0 0 40000 0 0 40000 0 40000 
EDGE_SE3:QUAT 10 11 -0.0171032 0.182701 -0.103582 0.0621382 0.00331651 0.0100614 0.998011 10000 0 0 0 0 0 10000 0 0 0 0 10000 0 0 0 40000 0 0 40000 0 40000 
EDGE_SE3:QUAT 11 12 -0.00609717 0.208135 -0.11761 0.0651438 -0.00266045 0.00414405 0.997864 10000 0 0 0 0 0 10000 0 0 0 0 10000 0 0 0 40000 0 0 40000 0 40000 
EDGE_SE3:QUAT 12 13 0.00593493 0.241575 -0.113007 0.0635362 -0.000379909 0.00876266 0.997941 10000 0 0 0 0 0 10000 0 0 0 0 10000 0 0 0 40000 0 0 40000 0 40000 
EDGE_SE3:QUAT 13 14 -0.020841 0.23336 -0.114513 0.068208 0.00616155 0.00741804 0.997625 10000 0 0 0 0 0 10000 0 0 0 0 10000 0 0 0 40000 0 0 40000 0 40000 
EDGE_SE3:QUAT 14 15 -0.011533 0.241387 -0.132828 0.0634664 -0.00616933 -0.00789249 0.997934 10000 0 0 0 0 0 10000 0 0 0 0 10000 0 0 0 40000 0 0 40000 0 40000 
EDGE_SE3:QUAT 15 16 -0.0152151 0.282277 -0.109438 0.053963 0.00680389 -0.00635827 0.9985 10000 0 0 0 0 0 10000 0 0 0 0 10000 0 0 0 40000 0 0 40000 0 40000 
EDGE_SE3:QUAT 16 17 0.00708851 0.292726 -0.0942899 0.0591002 0.00811689 0.00128459 0.998218 10000 0 0 0 0 0 10000 0 0 0 0 10000 0 0 0 40000 0 0 40000 0 40000 
EDGE_SE3:QUAT 17 18 -0.0108792 0.314375 -0.109276 0.0644037 0.00559066 0.0013855 0.997907 10000 0 0 0 0 0 10000 0 0 0 0 10000 0 0 0 40000 0 0 40000 0 40000 
EDGE_SE3:QUAT 18 19 0.00188011 0.325052 -0.103879 0.064749 -0.0100272 0.00317167 0.997846 10000 0 0 0 0 0 10000 0 0 0 0 10000 0 0 0 40000 0 0 40000 0 40000 
EDGE_SE3:QUAT 19 20 0.0021224 0.335098 -0.100469 0.0776136 0.00308224 -0.0146465 0.996871 10000 0 0 0 0 0 10000 0 0 0 0 10000 0 0 0 40000 0 0 40000 0 40000 
EDGE_SE3:QUAT 20 21 0.00990028 0.345171 -0.0974169 0.0521433 0.00993501 0.00386624 0.998583 10000 0 0 0 0 0 10000 0 0 0 0 10000 0 0 0 40000 0 0 40000 0 40000 
EDGE_SE3:QUAT 21 22 -0.0115204 0.37996 -0.119745 0.0648033 0.000176006 0.00890499 0.997858 10000 0 0 0 0 0 10000 0 0 0 0 10000 0 0 0 40000 0 0 40000 0 40000 
EDGE_SE3:QUAT 22 23 -0.00434813 0.382637 -0.108034 0.0674113 -0.00141103 0.00235716 0.997721 10000 0 0 0 0 0 10000 0 0 0 0 10000 0 0 0 40000 0 0 40000 0 40000 
EDGE_SE3:QUAT 23 24 -0.00717238 0.400366 -0.106731 0.0599006 0.00228962 0.00648429 0.998181 10000 0 0 0 0 0 10000 0 0 0 0 10000 0 0 0 40000 0 0 40000 0 40000 
EDGE_SE3:QUAT 24 25 0.0126834 0.410917 -0.100955 0.0637841 -0.00201352 -0.0106023 0.997905 10000 0 0 0 0 0 10000 0 0 0 0 10000 0 0 0 40000 0 0 40000 0 40000 
EDGE_SE3:QUAT 25 26 -0.00703817 0.440537 -0.0926884 0.0608521 -0.00139079 0.00881361 0.998107 10000 0 0 0 0 0 10000 0 0 0 0 10000 0 0 0 40000 0 0 40000 0 40000 
EDGE_SE3:QUAT 26 27 -0.00193239 0.451687 -0.0862336 0.0694 0.0008056 0.00112579 0.997588 10000 0 0 0 0 0 10000 0 0 0 0 10000 0 0 0 40000 0 0 40000 0 40000 
EDGE_SE3:QUAT 27 28 0.00676253 0.468364 -0.117452 0.0641826 -0.00738154 0.00014596 0.997911 10000 0 0 0 0 0 10000 0 0 0 0 10000 0 0 0 40000 0 0 40000 0 40000 
EDGE_SE3:QUAT 28 29 -0.018906 0.473747 -0.110511 0.0613845 0.00241196 0.0021441 0.998109 10000 0 0 0 0 0 10000 0 0 0 0 10000 0 0 0 40000 0 0 40000 0 40000 
EDGE_SE3:QUAT 29 30 0.00263 0.470975 -0.106131 0.0624905 -0.00714482 0.00256959 0.998017 10000 0 0 0 0 0 10000 0 0 0 0 10000 0 0 0 40000 0 0 40000 0 40000 
EDGE_SE3:QUAT 30 31 -0.000550329 0.48646 -0.0827454 0.0607646 0.0085928 -0.000271748 0.998115 10000 0 0 0 0 0 10000 0 0 0 0 10000 0 0 0 40000 0 0 40000 0 40000 
EDGE_SE3:QUAT 31 32 -0.00523 0.503726 -0.107797 0.0582171 -0.00767468 -0.00092796 0.998274 10000 0 0 0 0 0 10000 0 0 0 0 10000 0 0 0 40000 0 0 40000 0 40000 
EDGE_SE3:QUAT 32 33 0.00862613 0.528053 -0.0771877 0.0507284 0.000247923 -0.00235088 0.99871 10000 0 0 0 0 0 10000 0 0 0 0 10000 0 0 0 40000 0 0 40000 0 40000 
EDGE_SE3:QUAT 33 34 -0.0170512 0.549939 -0.0834767 0.0686302 0.00328081 -0.00188496 0.997635 10000 0 0 0 0 0 10000 0 0 0 0 10000 0 0 0 40000 0 0 40000 0 40000 
EDGE_SE3:QUAT 34 35 0.0136157 0.570067 -0.0801957 0.0680682 -0.00165271 -0.00283788 0.997675 10000 0 0 0 0 0 10000 0 0 0 0 10000 0 0 0 40000 0 0 40000 0 40000 
EDGE_SE3:QUAT 35 36 0.00713014 0.581769 -0.0994257 0.0533091 -0.0013827 0.00263587 0.998574 10000 0 0 0 0 0 10000 0 0 0 0 10000 0 0 0 40000 0 0 40000 0 40000 
EDGE_SE3:QUAT 36 37 -0.00465065 0.602159 -0.108905 0.0605581 0.00172115 0.0079744 0.998131 10000 0 0 0 0 0 10000 0 0 0 0 10000 0 0 0 40000 0 0 40000 0 40000 
EDGE_SE3:QUAT 37 38 -0.000552461 0.618549 -0.0846461 0.0661319 -0.00014674 -0.00269266 0.997807 10000 0 0 0 0 0 10000 0 0 0 0 10000 0 0 0 40000 0 0 40000 0 40000 
EDGE_SE3:QUAT 38 39 0.0131254 0.658891 -0.0833402 0.0625181 -0.000190476 0.00242979 0.998041 10000 0 0 0 0 0 10000 0 0 0 0 10000 0 0 0 40000 0 0 40000 0 40000